$ 1 0.000005 49.687244006919805 50 5 43 5e-11
f 160 240 208 240 32 1.5 0.02
d 256 240 320 240 2 default
d 320 192 320 240 2 default
v 576 256 576 160 0 0 40 5 0 0 0.5
r 320 176 320 112 0 100000
f 320 176 384 176 33 1.5 0.02
g 320 304 320 336 0 0
w 320 112 384 112 0
w 384 112 384 160 0
w 208 224 208 176 0
w 208 176 320 176 0
w 208 256 208 304 0
w 208 304 320 304 0
r 160 240 96 240 0 100
r 96 240 96 304 0 10000
s 96 240 16 240 4 1 false L
w 384 304 576 304 0
w 576 160 576 112 0
w 384 112 576 112 0
r 384 208 384 288 0 10000
r 256 240 256 192 0 100000
w 256 160 256 192 0
368 448 192 496 192 0 0
368 256 240 256 272 0 0
r 400 192 448 192 0 100
w 576 256 576 304 0
w 320 192 320 176 0
w 96 304 208 304 0
w 384 208 384 192 0
w 384 288 384 304 0
w 384 304 320 304 0
w 384 192 400 192 0
w 320 112 256 112 0
w 256 112 256 160 0
w 256 112 112 112 0
w 112 112 16 112 0
w 16 240 16 112 0
s 320 240 320 304 4 1 true L
